Matrix size 3 Input Matix 1:
-16 -15 -12 
-20 -9 2 
9 17 18 

Matrix size 3 Input Matix 2:
7 8 12 
-6 3 16 
-14 -11 -5 

Matrix size 3 Expected Result Matix:
146 -41 -372 
-114 -209 -394 
-291 -75 290 

Matrix size 3 Brute Force Result Matix:
146 -41 -372 
-114 -209 -394 
-291 -75 290 

Comparison OK

Matrix size 5 Input Matix 1:
-10 -9 12 16 17 
-15 -9 -6 0 16 
-14 -2 -1 3 9 
-6 -1 0 12 13 
-17 -12 1 2 20 

Matrix size 5 Input Matix 2:
-8 9 10 13 16 
-14 -12 -2 16 19 
-18 6 10 14 16 
-14 -8 2 13 14 
-15 -10 -2 11 18 

Matrix size 5 Expected Result Matix:
-489 -208 36 289 391 
114 -223 -224 -247 -219 
-19 -222 -158 -90 -74 
-301 -268 -60 205 287 
-42 -219 -172 -153 -96 

Matrix size 5 Brute Force Result Matix:
-489 -208 36 289 391 
114 -223 -224 -247 -219 
-19 -222 -158 -90 -74 
-301 -268 -60 205 287 
-42 -219 -172 -153 -96 

Comparison OK

Matrix size 7 Input Matix 1:
-19 -16 -7 0 1 10 11 
-17 -15 -12 1 7 12 1 
-15 -10 -6 -5 -3 -1 14 
-18 -3 -2 3 4 15 19 
-19 -16 -14 -12 -3 -1 14 
-18 -17 -9 0 10 11 13 
-17 -15 -10 -7 0 13 18 

Matrix size 7 Input Matix 2:
10 3 -3 1 18 8 -13 
-14 19 -10 -5 -18 -4 9 
-13 16 -1 -15 9 11 -17 
-5 -7 -18 -14 18 15 10 
-2 -3 -4 -18 5 -10 -14 
1 -16 11 9 -18 7 -14 
11 -19 4 15 17 -8 19 

Matrix size 7 Expected Result Matix:
254 -845 374 403 -105 -193 277 
200 -767 303 221 -290 -187 53 
252 -537 298 450 7 -310 479 
89 -777 257 333 -161 -196 366 
435 -742 504 694 -155 -511 543 
309 -974 366 316 -26 -302 187 
416 -997 552 693 -180 -344 346 

Matrix size 7 Brute Force Result Matix:
254 -845 374 403 -105 -193 277 
200 -767 303 221 -290 -187 53 
252 -537 298 450 7 -310 479 
89 -777 257 333 -161 -196 366 
435 -742 504 694 -155 -511 543 
309 -974 366 316 -26 -302 187 
416 -997 552 693 -180 -344 346 

Comparison OK

